function [edges] = getBoundaryEdgesouter()


edges =[
   2, 996, 108,   1
 996, 247, 109,   1
 247, 997,  99,   1
 997,   3,  96,   1
   3, 998,  96,   1
 998, 248,  97,   1
 248, 999, 103,   1
 999,   4, 100,   1
   4,1000, 112,   1
1000, 249, 113,   1
 249,1001, 119,   1
1001,   5, 116,   1
   5,1002, 128,   1
1002, 250, 129,   1
 250,1003, 135,   1
1003,   6, 132,   1
   6,1004, 144,   1
1004, 251, 145,   1
 251,1005, 151,   1
1005,   7, 148,   1
   7,1006, 160,   1
1006, 252, 161,   1
 252,1007, 167,   1
1007,   8, 164,   1
   8,1008, 176,   2
1008, 253, 177,   2
 253,1009, 183,   2
1009,   9, 180,   2
   9,1010, 192,   2
1010, 254, 193,   2
 254,1011, 199,   2
1011,  10, 196,   2
  10,1012, 208,   2
1012, 255, 209,   2
 255,1013, 215,   2
1013,  11, 212,   2
  11,1014, 224,   2
1014, 256, 225,   2
 256,1015, 231,   2
1015,  12, 228,   2
  12,1016, 240,   2
1016, 257, 241,   2
 257,1017, 247,   2
1017,  13, 244,   2
  13,1018, 256,   2
1018, 258, 257,   2
 258,1019, 263,   2
1019,  14, 260,   2
  14,1020, 272,   2
1020, 259, 273,   2
 259,1021, 279,   2
1021,  15, 276,   2
  15,1022, 288,   2
1022, 260, 289,   2
 260,1023, 295,   2
1023,  16, 292,   2
  16,1024, 304,   2
1024, 261, 305,   2
 261,1025, 311,   2
1025,  17, 308,   2
  17,1026, 320,   2
1026, 262, 321,   2
 262,1027, 327,   2
1027,  18, 324,   2
  18,1028, 336,   2
1028, 263, 337,   2
 263,1029, 343,   2
1029,  19, 340,   2
  19,1030, 352,   2
1030, 264, 353,   2
 264,1031, 359,   2
1031,  20, 356,   2
  20,1032, 368,   2
1032, 265, 369,   2
 265,1033, 375,   2
1033,  21, 372,   2
  21,1034, 384,   2
1034, 266, 385,   2
 266,1035, 391,   2
1035,  22, 388,   2
  22,1036, 400,   2
1036, 267, 401,   2
 267,1037, 407,   2
1037,  23, 404,   2
  23,1038, 416,   2
1038, 268, 417,   2
 268,1039, 423,   2
1039,  24, 420,   2
  24,1040, 432,   2
1040, 269, 433,   2
 269,1041, 439,   2
1041,  25, 436,   2
  25,1042, 448,   2
1042, 270, 449,   2
 270,1043, 455,   2
1043,  26, 452,   2
  26,1044, 464,   2
1044, 271, 465,   2
 271,1045, 471,   2
1045,  27, 468,   2
  27,1046, 480,   2
1046, 272, 481,   2
 272,1047, 487,   2
1047,  28, 484,   2
  28,1048, 484,   2
1048, 273, 485,   2
 273,1049, 491,   2
1049,  29, 488,   2
  29,1050, 496,   2
1050, 274, 497,   2
 274,1051, 503,   2
1051,  30, 500,   2
  30,1052, 500,   2
1052, 275, 501,   2
 275,1053, 507,   2
1053,  31, 504,   2
  31,1054,   0,   2
1054, 276,   1,   2
 276,1055,   7,   2
1055,  32,   4,   2
  32,1056, 456,   2
1056, 277, 457,   2
 277,1057, 463,   2
1057,  33, 460,   2
  33,1058,  64,   2
1058, 278,  65,   2
 278,1059,  71,   2
1059,  34,  68,   2
  34,1060, 512,   2
1060, 279, 513,   2
 279,1061, 519,   2
1061,  35, 516,   2
  35,1062, 528,   2
1062, 280, 529,   2
 280,1063, 535,   2
1063,  36, 532,   2
  36,1064, 544,   2
1064, 281, 545,   2
 281,1065, 551,   2
1065,  37, 548,   2
  37,1066, 560,   2
1066, 282, 561,   2
 282,1067, 567,   2
1067,  38, 564,   2
  38,1068, 576,   2
1068, 283, 577,   2
 283,1069, 583,   2
1069,  39, 580,   2
  39,1070, 592,   2
1070, 284, 593,   2
 284,1071, 599,   2
1071,  40, 596,   2
  40,1072,  12,   2
1072, 285,  13,   2
 285,1073,  19,   2
1073,  41,  16,   2
  41,1074, 608,   2
1074, 286, 609,   2
 286,1075, 615,   2
1075,  42, 612,   2
  42,1076, 624,   2
1076, 287, 625,   2
 287,1077, 631,   2
1077,  43, 628,   2
  43,1078,  24,   2
1078, 288,  25,   2
 288,1079,  31,   2
1079,  44,  28,   2
  44,1080, 640,   2
1080, 289, 641,   2
 289,1081, 647,   2
1081,  45, 644,   2
  45,1082, 656,   2
1082, 290, 657,   2
 290,1083, 663,   2
1083,  46, 660,   2
  46,1084, 672,   2
1084, 291, 673,   2
 291,1085, 679,   2
1085,  47, 676,   2
  47,1086, 688,   2
1086, 292, 689,   2
 292,1087, 695,   2
1087,  48, 692,   2
  48,1088, 704,   2
1088, 293, 705,   2
 293,1089, 711,   2
1089,  49, 708,   2
  49,1090, 720,   2
1090, 294, 721,   2
 294,1091, 727,   2
1091,  50, 724,   2
  50,1092, 736,   2
1092, 295, 737,   2
 295,1093, 743,   2
1093,  51, 740,   2
  51,1094, 752,   2
1094, 296, 753,   2
 296,1095, 759,   2
1095,  52, 756,   2
  52,1096, 768,   2
1096, 297, 769,   2
 297,1097, 775,   2
1097,  53, 772,   2
  53,1098, 784,   2
1098, 298, 785,   2
 298,1099, 791,   2
1099,  54, 788,   2
  54,1100, 800,   2
1100, 299, 801,   2
 299,1101, 807,   2
1101,  55, 804,   2
  55,1102, 816,   2
1102, 300, 817,   2
 300,1103, 823,   2
1103,  56, 820,   2
  56,1104, 832,   2
1104, 301, 833,   2
 301,1105, 839,   2
1105,  57, 836,   2
  57,1106, 848,   2
1106, 302, 849,   2
 302,1107, 855,   2
1107,  58, 852,   2
  58,1108, 864,   2
1108, 303, 865,   2
 303,1109, 871,   2
1109,  59, 868,   2
  59,1110, 880,   2
1110, 304, 881,   2
 304,1111, 887,   2
1111,  60, 884,   2
  60,1112, 896,   2
1112, 305, 897,   2
 305,1113, 903,   2
1113,  61, 900,   2
  61,1114, 912,   2
1114, 306, 913,   2
 306,1115, 919,   2
1115,   0, 916,   2
   0,1116, 928,   2
1116, 307, 929,   2
 307,1117, 935,   2
1117,   1, 932,   2
   1,1118, 944,   2
1118, 308, 945,   2
 308,1119, 951,   2
1119,   2, 948,   2
  62,1120,1028,   3
1120, 309,1029,   3
 309,1121,1035,   3
1121,  63,1032,   3
  63,1122, 632,   3
1122, 310, 633,   3
 310,1123, 639,   3
1123,  64, 636,   3
  64,1124, 616,   3
1124, 311, 617,   3
 311,1125, 623,   3
1125,  65, 620,   3
  65,1126, 600,   3
1126, 312, 601,   3
  66,1128, 584,   3
1128, 313, 585,   3
  67,1130, 568,   3
1130, 314, 569,   3
 314,1131, 575,   3
1131,  68, 572,   3
  68,1132, 552,   3
1132, 315, 553,   3
 315,1133, 559,   3
1133,  69, 556,   3
  69,1134,1052,   3
1134, 316,1053,   3
 316,1135,1043,   3
1135,  62,1040,   3

] +1 ;
end