function [BoundaryEdges] = getBoundaryEdgesMain()


BoundaryEdges = [    
   2,1664,1216,   1
1664, 412,1217,   1
 412,1665,1223,   1
1665,   3,1220,   1
   3,1666, 156,   1
1666, 413, 157,   1
 413,1667, 163,   1
1667,   4, 160,   1
   4,1668, 172,   1
1668, 414, 173,   1
 414,1669, 179,   1
1669,   5, 176,   1
   5,1670, 188,   1
1670, 415, 189,   1
 415,1671, 195,   1
1671,   6, 192,   1
   6,1672, 204,   1
1672, 416, 205,   1
 416,1673, 211,   1
1673,   7, 208,   1
   7,1674, 220,   1
1674, 417, 221,   1
 417,1675, 227,   1
1675,   8, 224,   1
   8,1676, 236,   1
1676, 418, 237,   1
 418,1677, 243,   1
1677,   9, 240,   1
   9,1678, 252,   1
1678, 419, 253,   1
 419,1679, 259,   1
1679,  10, 256,   1
  10,1680, 268,   1
1680, 420, 269,   1
 420,1681, 275,   1
1681,  11, 272,   1
  11,1682, 284,   1
1682, 421, 285,   1
 421,1683, 291,   1
1683,  12, 288,   1
  12,1684, 300,   1
1684, 422, 301,   1
 422,1685, 307,   1
1685,  13, 304,   1
  13,1686, 316,   1
1686, 423, 317,   1
 423,1687, 323,   1
1687,  14, 320,   1
  14,1688, 332,   1
1688, 424, 333,   1
 424,1689, 339,   1
1689,  15, 336,   1
  15,1690, 348,   1
1690, 425, 349,   1
 425,1691, 355,   1
1691,  16, 352,   1
  16,1692, 364,   2
1692, 426, 365,   2
 426,1693, 371,   2
1693,  17, 368,   2
  17,1694, 380,   2
1694, 427, 381,   2
 427,1695, 387,   2
1695,  18, 384,   2
  18,1696, 396,   1
1696, 428, 397,   1
 428,1697, 403,   1
1697,  19, 400,   1
  19,1698, 412,   1
1698, 429, 413,   1
 429,1699, 419,   1
1699,  20, 416,   1
  20,1700, 428,   1
1700, 430, 429,   1
 430,1701, 435,   1
1701,  21, 432,   1
  21,1702, 444,   1
1702, 431, 445,   1
 431,1703, 451,   1
1703,  22, 448,   1
  22,1704, 460,   1
1704, 432, 461,   1
 432,1705, 467,   1
1705,  23, 464,   1
  23,1706, 476,   1
1706, 433, 477,   1
 433,1707, 483,   1
1707,  24, 480,   1
  24,1708, 492,   3
1708, 434, 493,   3
 434,1709, 499,   3
1709,  25, 496,   3
  25,1710, 508,   3
1710, 435, 509,   3
 435,1711, 515,   3
1711,  26, 512,   3
  26,1712, 524,   1
1712, 436, 525,   1
 436,1713, 531,   1
1713,  27, 528,   1
  27,1714, 540,   1
1714, 437, 541,   1
 437,1715, 547,   1
1715,  28, 544,   1
  28,1716, 556,   1
1716, 438, 557,   1
 438,1717, 563,   1
1717,  29, 560,   1
  29,1718, 572,   1
1718, 439, 573,   1
 439,1719, 579,   1
1719,  30, 576,   1
  30,1720, 588,   1
1720, 440, 589,   1
 440,1721, 595,   1
1721,  31, 592,   1
  31,1722, 604,   1
1722, 441, 605,   1
 441,1723, 611,   1
1723,  32, 608,   1
  32,1724, 620,   1
1724, 442, 621,   1
 442,1725, 627,   1
1725,  33, 624,   1
  33,1726, 636,   1
1726, 443, 637,   1
 443,1727, 643,   1
1727,  34, 640,   1
  34,1728, 652,   1
1728, 444, 653,   1
 444,1729, 659,   1
1729,  35, 656,   1
  35,1730, 668,   1
1730, 445, 669,   1
 445,1731, 675,   1
1731,  36, 672,   1
  36,1732, 684,   1
1732, 446, 685,   1
 446,1733, 691,   1
1733,  37, 688,   1
  37,1734, 700,   1
1734, 447, 701,   1
 447,1735, 707,   1
1735,  38, 704,   1
  38,1736, 716,   1
1736, 448, 717,   1
 448,1737, 723,   1
1737,  39, 720,   1
  39,1738, 732,   1
1738, 449, 733,   1
 449,1739, 739,   1
1739,  40, 736,   1
  40,1740, 736,   1
1740, 450, 737,   1
 450,1741, 743,   1
1741,  41, 740,   1
  41,1742, 748,   1
1742, 451, 749,   1
 451,1743, 755,   1
1743,  42, 752,   1
  42,1744,   0,   1
1744, 452,   1,   1
 452,1745,   7,   1
1745,  43,   4,   1
  43,1746,   4,   1
1746, 453,   5,   1
 453,1747,  11,   1
1747,  44,   8,   1
  44,1748, 764,   1
1748, 454, 765,   1
 454,1749, 771,   1
1749,  45, 768,   1
  45,1750, 780,   1
1750, 455, 781,   1
 455,1751, 787,   1
1751,  46, 784,   1
  46,1752, 796,   1
1752, 456, 797,   1
 456,1753, 803,   1
1753,  47, 800,   1
  47,1754, 812,   1
1754, 457, 813,   1
 457,1755, 819,   1
1755,  48, 816,   1
  48,1756, 828,   1
1756, 458, 829,   1
 458,1757, 835,   1
1757,  49, 832,   1
  49,1758, 844,   1
1758, 459, 845,   1
 459,1759, 851,   1
1759,  50, 848,   1
  50,1760, 860,   1
1760, 460, 861,   1
 460,1761, 867,   1
1761,  51, 864,   1
  51,1762, 876,   1
1762, 461, 877,   1
 461,1763, 883,   1
1763,  52, 880,   1
  52,1764, 892,   1
1764, 462, 893,   1
 462,1765, 899,   1
1765,  53, 896,   1
  53,1766, 908,   1
1766, 463, 909,   1
 463,1767, 915,   1
1767,  54, 912,   1
  54,1768, 924,   1
1768, 464, 925,   1
 464,1769, 931,   1
1769,  55, 928,   1
  55,1770, 940,   1
1770, 465, 941,   1
 465,1771, 947,   1
1771,  56, 944,   1
  56,1772, 956,   1
1772, 466, 957,   1
 466,1773, 963,   1
1773,  57, 960,   1
  57,1774, 972,   1
1774, 467, 973,   1
 467,1775, 979,   1
1775,  58, 976,   1
  58,1776, 988,   1
1776, 468, 989,   1
 468,1777, 995,   1
1777,  59, 992,   1
  59,1778,1004,   1
1778, 469,1005,   1
 469,1779,1011,   1
1779,  60,1008,   1
  60,1780,1020,   1
1780, 470,1021,   1
 470,1781,1027,   1
1781,  61,1024,   1
  61,1782,1036,   1
1782, 471,1037,   1
 471,1783,1043,   1
1783,  62,1040,   1
  62,1784,1052,   1
1784, 472,1053,   1
 472,1785,1059,   1
1785,  63,1056,   1
  63,1786,1068,   1
1786, 473,1069,   1
 473,1787,1075,   1
1787,  64,1072,   1
  64,1788,1084,   1
1788, 474,1085,   1
 474,1789,1091,   1
1789,  65,1088,   1
  65,1790,1100,   1
1790, 475,1101,   1
 475,1791,1107,   1
1791,  66,1104,   1
  66,1792,1116,   1
1792, 476,1117,   1
 476,1793,1123,   1
1793,  67,1120,   1
  67,1794,1132,   1
1794, 477,1133,   1
 477,1795,1139,   1
1795,  68,1136,   1
  68,1796,1148,   1
1796, 478,1149,   1
 478,1797,1155,   1
1797,  69,1152,   1
  69,1798,1164,   1
1798, 479,1165,   1
 479,1799,1171,   1
1799,  70,1168,   1
  70,1800,1180,   1
1800, 480,1181,   1
 480,1801,1187,   1
1801,  71,1184,   1
  71,1802,  12,   1
1802, 481,  13,   1
 481,1803,  19,   1
1803,  72,  16,   1
  72,1804,  16,   1
1804, 482,  17,   1
 482,1805,  23,   1
1805,   0,  20,   1
   0,1806,1196,   1
1806, 483,1197,   1
 483,1807,1203,   1
1807,   1,1200,   1
   1,1808,1212,   1
1808, 484,1213,   1
 484,1809,1219,   1
1809,   2,1216,   1
  73,1810,  32,   4
1810, 485,  33,   4
 485,1811,  27,   4
1811,  74,  24,   4
  74,1812, 164,   4
1812, 486, 165,   4
 486,1813, 171,   4
1813,  75, 168,   4
  75,1814,1204,   4
1814, 487,1205,   4
 487,1815,1211,   4
1815,  76,1208,   4
  76,1816,1172,   4
1816, 488,1173,   4
 488,1817,1179,   4
  77,1818,1156,   4
1818, 489,1157,   4
 489,1819,1163,   4
1819,  78,1160,   4
  78,1820,  56,   4
1820, 490,  57,   4
 490,1821,  51,   4
1821,  79,  48,   4
  79,1822,2000,   4
1822, 491,2001,   4
 491,1823,2007,   4
1823,  80,2004,   4
  80,1824, 180,   4
1824, 492, 181,   4
  81,1826, 692,   5
1826, 493, 693,   5
 493,1827, 699,   5
1827,  82, 696,   5
  82,1828,  44,   5
1828, 494,  45,   5
 494,1829,  39,   5
1829,  83,  36,   5
  83,1830,1708,   5
1830, 495,1709,   5
 495,1831,1715,   5
1831,  84,1712,   5
  84,1832, 788,   5
1832, 496, 789,   5
 496,1833, 795,   5
  85,1834, 772,   5
1834, 497, 773,   5
 497,1835, 779,   5
1835,  86, 776,   5
  86,1836,  76,   5
1836, 498,  77,   5
 498,1837,  83,   5
1837,  87,  80,   5
  87,1838, 724,   5
1838, 499, 725,   5
  88,1840, 708,   5
1840, 500, 709,   5
 500,1841, 715,   5
]+1;








end