function [edges] = getBoundaryEdgesTower()

edges = [  11,1845, 908,   2
1845, 457, 909,   2
 457,1846, 915,   2
1846,  12, 912,   2
  12,1847, 204,   2
1847, 458, 205,   2
 458,1848, 211,   2
1848,  13, 208,   2
  13,1849, 220,   2
1849, 459, 221,   2
 459,1850, 227,   2
1850,  14, 224,   2
  14,1851, 236,   2
1851, 460, 237,   2
 460,1852, 243,   2
1852,  15, 240,   2
  15,1853, 252,   2
1853, 461, 253,   2
 461,1854, 259,   2
1854,  16, 256,   2
  16,1855, 268,   2
1855, 462, 269,   2
 462,1856, 275,   2
1856,  17, 272,   2
  17,1857, 284,   2
1857, 463, 285,   2
 463,1858, 291,   2
1858,  18, 288,   2
  18,1859, 300,   2
1859, 464, 301,   2
 464,1860, 307,   2
1860,  19, 304,   2
  19,1861, 316,   2
1861, 465, 317,   2
 465,1862, 323,   2
1862,  20, 320,   2
  20,1863, 332,   2
1863, 466, 333,   2
 466,1864, 339,   2
1864,  21, 336,   2
  21,1865, 348,   3
1865, 467, 349,   3
 467,1866, 355,   3
1866,  22, 352,   3
  22,1867, 364,   3
1867, 468, 365,   3
 468,1868, 371,   3
1868,  23, 368,   3
  23,1869, 380,   3
1869, 469, 381,   3
 469,1870, 387,   3
1870,  24, 384,   3
  24,1871, 396,   3
1871, 470, 397,   3
 470,1872, 403,   3
1872,  25, 400,   3
  25,1873, 412,   3
1873, 471, 413,   3
 471,1874, 419,   3
1874,  26, 416,   3
  26,1875, 428,   3
1875, 472, 429,   3
 472,1876, 435,   3
1876,  27, 432,   3
  27,1877, 444,   3
1877, 473, 445,   3
 473,1878, 451,   3
1878,  28, 448,   3
  28,1879, 460,   3
1879, 474, 461,   3
 474,1880, 467,   3
1880,  29, 464,   3
  29,1881, 476,   3
1881, 475, 477,   3
 475,1882, 483,   3
1882,  30, 480,   3
  30,1883, 492,   3
1883, 476, 493,   3
 476,1884, 499,   3
1884,  31, 496,   3
  31,1885, 508,   3
1885, 477, 509,   3
 477,1886, 515,   3
1886,  32, 512,   3
  32,1887, 524,   3
1887, 478, 525,   3
 478,1888, 531,   3
1888,  33, 528,   3
  33,1889, 540,   3
1889, 479, 541,   3
 479,1890, 547,   3
1890,  34, 544,   3
  34,1891, 556,   4
1891, 480, 557,   4
 480,1892, 563,   4
1892,  35, 560,   4
  35,1893, 572,   4
1893, 481, 573,   4
 481,1894, 579,   4
1894,  36, 576,   4
  36,1895, 588,   4
1895, 482, 589,   4
 482,1896, 595,   4
1896,  37, 592,   4
  37,1897, 604,   5
1897, 483, 605,   5
 483,1898, 611,   5
1898,  38, 608,   5
  38,1899, 620,   5
1899, 484, 621,   5
 484,1900, 627,   5
1900,  39, 624,   5
  39,1901, 636,   5
1901, 485, 637,   5
 485,1902, 643,   5
1902,  40, 640,   5
  40,1903, 652,   5
1903, 486, 653,   5
 486,1904, 659,   5
1904,  41, 656,   5
  41,1905, 668,   5
1905, 487, 669,   5
 487,1906, 675,   5
1906,  42, 672,   5
  42,1907, 684,   5
1907, 488, 685,   5
 488,1908, 691,   5
1908,  43, 688,   5
  43,1909, 700,   5
1909, 489, 701,   5
 489,1910, 707,   5
1910,  44, 704,   5
  44,1911, 716,   1
1911, 490, 717,   1
 490,1912, 723,   1
1912,   0, 720,   1
   0,1913, 732,   1
1913, 491, 733,   1
 491,1914, 739,   1
1914,   1, 736,   1
   1,1915, 748,   1
1915, 492, 749,   1
 492,1916, 755,   1
1916,   2, 752,   1
   2,1917, 764,   1
1917, 493, 765,   1
 493,1918, 771,   1
1918,   3, 768,   1
   3,1919, 780,   1
1919, 494, 781,   1
 494,1920, 787,   1
1920,   4, 784,   1
   4,1921, 796,   1
1921, 495, 797,   1
 495,1922, 803,   1
1922,   5, 800,   1
   5,1923, 812,   1
1923, 496, 813,   1
 496,1924, 819,   1
1924,   6, 816,   1
   6,1925, 828,   1
1925, 497, 829,   1
 497,1926, 835,   1
1926,   7, 832,   1
   7,1927, 844,   1
1927, 498, 845,   1
 498,1928, 851,   1
1928,   8, 848,   1
   8,1929, 860,   1
1929, 499, 861,   1
 499,1930, 867,   1
1930,   9, 864,   1
   9,1931, 876,   1
1931, 500, 877,   1
 500,1932, 883,   1
1932,  10, 880,   1
  10,1933, 892,   1
1933, 501, 893,   1
 501,1934, 899,   1
1934,  11, 896,   1
  45,1935, 924,   6
1935, 502, 925,   6
 502,1936, 931,   6
1936,  46, 928,   6
  46,1937, 940,   6
1937, 503, 941,   6
 503,1938, 947,   6
1938,  47, 944,   6
  47,1939, 956,   6
1939, 504, 957,   6
 504,1940, 963,   6
1940,  48, 960,   6
  48,1941, 972,   6
1941, 505, 973,   6
 505,1942, 979,   6
1942,  49, 976,   6
  49,1943, 988,   6
1943, 506, 989,   6
 506,1944, 995,   6
1944,  50, 992,   6
  50,1945,1004,   6
1945, 507,1005,   6
 507,1946,1011,   6
1946,  51,1008,   6
  51,1947,1020,   6
1947, 508,1021,   6
 508,1948,1027,   6
1948,  52,1024,   6
  52,1949,1036,   6
1949, 509,1037,   6
 509,1950,1043,   6
1950,  45,1040,   6]+1;
end