function nodes = getForceNodesOuter()
 
nodes = [
            2           0           0
           3           0           0
           4           0           0
           5           0           0
           6           0           0
           7           0           0
           8           0           0
         247           0           0
         248           0           0
         249           0           0
         250           0           0
         251           0           0
         252           0           0
         996           0           0
         997           0           0
         998           0           0
         999           0           0
        1000           0           0
        1001           0           0
        1002           0           0
        1003           0           0
        1004           0           0
        1005           0           0
        1006           0           0
        1007           0           0];
nodes = nodes(:,1);
end