function [nodes] = getForceNodesMainBoom()

nodes = [
    
          81           1
          82           1
          83           1
          84           1
          85           1
          86           1
          87           1
          88           1
         493           1
         494           1
         495           1
         496           1
         497           1
         498           1
         499           1
         500           1
        1826           1
        1827           1
        1828           1
        1829           1
        1830           1
        1831           1
        1832           1
        1833           1
        1834           1
        1835           1
        1836           1
        1837           1
        1838           1
        1839           1
        1840           1
        1841           1
          24           2
          25           2
         434           2
         435           2
        1708           2
        1709           2
        1710           2
        1711           2];
nodes = nodes(:,1);


end