function lockedNodes = getLockedNodesMainBoom()
lockedNodes =[

          16           0
          17           0
          18           0
          73           0
          74           0
          75           0
          76           0
          77           0
          78           0
          79           0
          80           0
         426           0
         427           0
         485           0
         486           0
         487           0
         488           0
         489           0
         490           0
         491           0
         492           0
        1692           0
        1693           0
        1694           0
        1695           0
        1810           0
        1811           0
        1812           0
        1813           0
        1814           0
        1815           0
        1816           0
        1817           0
        1818           0
        1819           0
        1820           0
        1821           0
        1822           0
        1823           0
        1824           0
        1825           0];
lockedNodes = lockedNodes(:,1);
end