function [locked] = getLockedOuter()


locked = [   0 0.000000
   1 0.000000
   2 0.000000
   4 0.000000
   7 0.000000
   8 0.000000
   9 0.000000
  10 0.000000
  11 0.000000
  12 0.000000
  13 0.000000
  14 0.000000
  15 0.000000
  16 0.000000
  17 0.000000
  18 0.000000
  19 0.000000
  20 0.000000
  21 0.000000
  22 0.000000
  23 0.000000
  24 0.000000
  25 0.000000
  26 0.000000
  27 0.000000
  28 0.000000
  29 0.000000
  30 0.000000
  31 0.000000
  32 0.000000
  33 0.000000
  34 0.000000
  35 0.000000
  36 0.000000
  37 0.000000
  38 0.000000
  39 0.000000
  40 0.000000
  41 0.000000
  42 0.000000
  43 0.000000
  44 0.000000
  45 0.000000
  46 0.000000
  47 0.000000
  48 0.000000
  49 0.000000
  50 0.000000
  51 0.000000
  52 0.000000
  53 0.000000
  54 0.000000
  55 0.000000
  56 0.000000
  57 0.000000
  58 0.000000
  59 0.000000
  60 0.000000
  61 0.000000
  64 0.000000
  65 0.000000
  68 0.000000
  71 0.000000
 176 0.000000
 177 0.000000
 180 0.000000
 183 0.000000
 192 0.000000
 193 0.000000
 196 0.000000
 199 0.000000
 208 0.000000
 209 0.000000
 212 0.000000
 215 0.000000
 224 0.000000
 225 0.000000
 228 0.000000
 231 0.000000
 240 0.000000
 241 0.000000
 244 0.000000
 247 0.000000
 253 0.000000
 254 0.000000
 255 0.000000
 256 0.000000
 257 0.000000
 258 0.000000
 259 0.000000
 260 0.000000
 261 0.000000
 262 0.000000
 263 0.000000
 264 0.000000
 265 0.000000
 266 0.000000
 267 0.000000
 268 0.000000
 269 0.000000
 270 0.000000
 271 0.000000
 272 0.000000
 273 0.000000
 274 0.000000
 275 0.000000
 276 0.000000
 277 0.000000
 278 0.000000
 279 0.000000
 280 0.000000
 281 0.000000
 282 0.000000
 283 0.000000
 284 0.000000
 285 0.000000
 286 0.000000
 287 0.000000
 288 0.000000
 289 0.000000
 290 0.000000
 291 0.000000
 292 0.000000
 293 0.000000
 294 0.000000
 295 0.000000
 296 0.000000
 297 0.000000
 298 0.000000
 299 0.000000
 300 0.000000
 301 0.000000
 302 0.000000
 303 0.000000
 304 0.000000
 305 0.000000
 306 0.000000
 307 0.000000
 308 0.000000
 311 0.000000
 320 0.000000
 321 0.000000
 324 0.000000
 327 0.000000
 336 0.000000
 337 0.000000
 340 0.000000
 343 0.000000
 352 0.000000
 353 0.000000
 356 0.000000
 359 0.000000
 368 0.000000
 369 0.000000
 372 0.000000
 375 0.000000
 384 0.000000
 385 0.000000
 388 0.000000
 391 0.000000
 400 0.000000
 401 0.000000
 404 0.000000
 407 0.000000
 416 0.000000
 417 0.000000
 420 0.000000
 423 0.000000
 432 0.000000
 433 0.000000
 436 0.000000
 439 0.000000
 448 0.000000
 449 0.000000
 452 0.000000
 455 0.000000
 456 0.000000
 457 0.000000
 460 0.000000
 463 0.000000
 464 0.000000
 465 0.000000
 468 0.000000
 471 0.000000
 480 0.000000
 481 0.000000
 484 0.000000
 485 0.000000
 487 0.000000
 488 0.000000
 491 0.000000
 496 0.000000
 497 0.000000
 500 0.000000
 501 0.000000
 503 0.000000
 504 0.000000
 507 0.000000
 512 0.000000
 513 0.000000
 516 0.000000
 519 0.000000
 528 0.000000
 529 0.000000
 532 0.000000
 535 0.000000
 544 0.000000
 545 0.000000
 548 0.000000
 551 0.000000
 560 0.000000
 561 0.000000
 564 0.000000
 567 0.000000
 576 0.000000
 577 0.000000
 580 0.000000
 583 0.000000
 592 0.000000
 593 0.000000
 596 0.000000
 599 0.000000
 608 0.000000
 609 0.000000
 612 0.000000
 615 0.000000
 624 0.000000
 625 0.000000
 628 0.000000
 631 0.000000
 640 0.000000
 641 0.000000
 644 0.000000
 647 0.000000
 656 0.000000
 657 0.000000
 660 0.000000
 663 0.000000
 672 0.000000
 673 0.000000
 676 0.000000
 679 0.000000
 688 0.000000
 689 0.000000
 692 0.000000
 695 0.000000
 704 0.000000
 705 0.000000
 708 0.000000
 711 0.000000
 720 0.000000
 721 0.000000
 724 0.000000
 727 0.000000
 736 0.000000
 737 0.000000
 740 0.000000
 743 0.000000
 752 0.000000
 753 0.000000
 756 0.000000
 759 0.000000
 768 0.000000
 769 0.000000
 772 0.000000
 775 0.000000
 784 0.000000
 785 0.000000
 788 0.000000
 791 0.000000
 800 0.000000
 801 0.000000
 804 0.000000
 807 0.000000
 816 0.000000
 817 0.000000
 820 0.000000
 823 0.000000
 832 0.000000
 833 0.000000
 836 0.000000
 839 0.000000
 848 0.000000
 849 0.000000
 852 0.000000
 855 0.000000
 864 0.000000
 865 0.000000
 868 0.000000
 871 0.000000
 880 0.000000
 881 0.000000
 884 0.000000
 887 0.000000
 896 0.000000
 897 0.000000
 900 0.000000
 903 0.000000
 912 0.000000
 913 0.000000
 916 0.000000
 919 0.000000
 928 0.000000
 929 0.000000
 932 0.000000
 935 0.000000
 944 0.000000
 945 0.000000
 948 0.000000
 951 0.000000
1008 0.000000
1009 0.000000
1010 0.000000
1011 0.000000
1012 0.000000
1013 0.000000
1014 0.000000
1015 0.000000
1016 0.000000
1017 0.000000
1018 0.000000
1019 0.000000
1020 0.000000
1021 0.000000
1022 0.000000
1023 0.000000
1024 0.000000
1025 0.000000
1026 0.000000
1027 0.000000
1028 0.000000
1029 0.000000
1030 0.000000
1031 0.000000
1032 0.000000
1033 0.000000
1034 0.000000
1035 0.000000
1036 0.000000
1037 0.000000
1038 0.000000
1039 0.000000
1040 0.000000
1041 0.000000
1042 0.000000
1043 0.000000
1044 0.000000
1045 0.000000
1046 0.000000
1047 0.000000
1048 0.000000
1049 0.000000
1050 0.000000
1051 0.000000
1052 0.000000
1053 0.000000
1054 0.000000
1055 0.000000
1056 0.000000
1057 0.000000
1058 0.000000
1059 0.000000
1060 0.000000
1061 0.000000
1062 0.000000
1063 0.000000
1064 0.000000
1065 0.000000
1066 0.000000
1067 0.000000
1068 0.000000
1069 0.000000
1070 0.000000
1071 0.000000
1072 0.000000
1073 0.000000
1074 0.000000
1075 0.000000
1076 0.000000
1077 0.000000
1078 0.000000
1079 0.000000
1080 0.000000
1081 0.000000
1082 0.000000
1083 0.000000
1084 0.000000
1085 0.000000
1086 0.000000
1087 0.000000
1088 0.000000
1089 0.000000
1090 0.000000
1091 0.000000
1092 0.000000
1093 0.000000
1094 0.000000
1095 0.000000
1096 0.000000
1097 0.000000
1098 0.000000
1099 0.000000
1100 0.000000
1101 0.000000
1102 0.000000
1103 0.000000
1104 0.000000
1105 0.000000
1106 0.000000
1107 0.000000
1108 0.000000
1109 0.000000
1110 0.000000
1111 0.000000
1112 0.000000
1113 0.000000
1114 0.000000
1115 0.000000
1116 0.000000
1117 0.000000
1118 0.000000
1119 0.000000];
locked = locked(:,1);
end