function nodes = getLockedNodesOuter()

nodes = [
  49           0
  62           0
  63           0
  64           0
  65           0
  66           0
  67           0
  68           0
  69           0
 293           0
 309           0
 310           0
 311           0
 312           0
 313           0
 314           0
 315           0
 316           0
1088           0
1089           0
1120           0
1121           0
1122           0
1123           0
1124           0
1125           0
1126           0
1127           0
1128           0
1129           0
1130           0
1131           0
1132           0
1133           0
1134           0
1135           0];
nodes = nodes(:,1);



end