function [displacements,vonMieses] = getOuterDispAndVonMieses()





displacementsX =[
     0   1.294288e-02
   1   1.443345e-02
   2   1.587634e-02
   3   1.758176e-02
   4   1.859484e-02
   5   1.859204e-02
   6   1.859294e-02
   7   1.757465e-02
   8   1.588372e-02
   9   1.419430e-02
  10   1.351970e-02
  11   1.255291e-02
  12   1.080989e-02
  13   1.071198e-02
  14   1.061957e-02
  15   1.047933e-02
  16   1.020404e-02
  17   7.596669e-03
  18   4.747295e-03
  19   2.655192e-03
  20   1.100908e-03
  21   1.493266e-04
  22   5.759936e-05
  23   8.167806e-05
  24   8.930486e-05
  25   8.845966e-05
  26   8.783100e-05
  27   8.739987e-05
  28   8.646913e-05
  29   8.321076e-05
  30   7.995227e-05
  31   7.902103e-05
  32   7.902123e-05
  33   7.903972e-05
  34   7.911320e-05
  35   7.775937e-05
  36   6.841906e-05
  37   2.085849e-05
  38   2.026235e-06
  39  -3.651794e-06
  40  -1.270480e-06
  41   1.904271e-06
  42   3.686095e-06
  43  -2.476932e-06
  44   4.949438e-07
  45   7.174972e-05
  46   7.071306e-05
  47   1.366165e-05
  48  -3.152457e-05
  49   0.000000e+00
  50   7.537492e-05
  51   1.108382e-03
  52   3.193524e-03
  53   4.661149e-03
  54   4.858490e-03
  55   5.278039e-03
  56   5.232635e-03
  57   5.225684e-03
  58   5.388271e-03
  59   6.880268e-03
  60   9.200051e-03
  61   1.118821e-02
  62   0.000000e+00
  63   0.000000e+00
  64   0.000000e+00
  65   0.000000e+00
  66   0.000000e+00
  67   0.000000e+00
  68   0.000000e+00
  69   0.000000e+00
  70   1.692023e-02
  71   1.727982e-02
  72   1.738909e-02
  73   1.687701e-02
  74   1.616545e-02
  75   1.537617e-02
  76   1.434623e-02
  77   1.294365e-02
  78   1.156273e-02
  79   9.158345e-03
  80   9.346944e-03
  81   9.002852e-03
  82   8.823239e-03
  83   8.362959e-03
  84   6.294394e-03
  85   3.903817e-03
  86   2.147945e-03
  87   8.087965e-04
  88   9.591821e-05
  89   9.556163e-05
  90   9.000184e-05
  91   8.445682e-05
  92   8.310005e-05
  93   8.426979e-05
  94   5.730822e-05
  95   7.066497e-05
  96   4.417646e-05
  97   5.195667e-05
  98   1.430352e-04
  99   7.494617e-04
 100   2.016732e-03
 101   4.176100e-03
 102   5.927201e-03
 103   6.463340e-03
 104   7.034463e-03
 105   6.911276e-03
 106   6.849543e-03
 107   6.826698e-03
 108   7.808820e-03
 109   9.151181e-03
 110   1.027534e-02
 111   1.163189e-02
 112   1.310374e-02
 113   9.669739e-03
 114   8.016639e-05
 115   8.780765e-03
 116   1.770249e-02
 117   1.793746e-02
 118   1.784856e-02
 119   1.712995e-02
 120   1.596313e-02
 121   1.480683e-02
 122   1.394511e-02
 123   1.274230e-02
 124   9.940665e-03
 125   9.840979e-03
 126   9.718577e-03
 127   9.212110e-03
 128   6.956877e-03
 129   4.395024e-03
 130   2.488201e-03
 131   9.823945e-04
 132   1.495737e-04
 133   8.756616e-05
 134   8.671564e-05
 135   8.672356e-05
 136   8.406747e-05
 137   8.374699e-05
 138   8.516117e-05
 139   8.334953e-05
 140   8.114770e-05
 141   8.187201e-05
 142   8.125233e-05
 143   5.946671e-06
 144  -2.134604e-06
 145  -1.630104e-06
 146   3.609197e-07
 147   1.797573e-06
 148   2.010892e-06
 149  -1.115844e-06
 150   5.242478e-06
 151   5.274175e-05
 152   2.751273e-05
 153   2.558543e-05
 154   9.965610e-06
 155   3.505527e-04
 156   1.468801e-03
 157   3.492380e-03
 158   5.112412e-03
 159   5.607940e-03
 160   5.990881e-03
 161   5.999941e-03
 162   6.013115e-03
 163   6.266993e-03
 164   7.378576e-03
 165   9.158786e-03
 166   1.076236e-02
 167   1.231270e-02
 168   1.379052e-02
 169   1.112984e-02
 170   1.004382e-02
 171   8.673562e-05
 172   7.778015e-05
 173   3.701014e-05
 174   5.791618e-05
 175   6.080972e-05
 176   2.957492e-05
 177   7.049503e-05
 178   8.691742e-05
 179   9.675988e-05
 180   7.309812e-05
 181   9.107402e-05
 182   9.277912e-05
 183   8.147975e-05
 184   8.244448e-05
 185   1.513242e-02
 186   1.646227e-02
 187   2.935036e-03
 188   5.043429e-03
 189   3.024794e-03
 190   2.988716e-03
 191   1.272414e-03
 192   5.252018e-03
 193   7.450445e-03
 194   3.552572e-04
 195   1.472824e-03
 196   4.131079e-04
 197   5.178296e-03
 198   6.664762e-03
 199   4.907965e-04
 200   1.420129e-03
 201   7.141197e-03
 202   6.277171e-03
 203   8.712889e-03
 204   6.922106e-03
 205   8.671167e-05
 206   8.432091e-05
 207   8.703124e-05
 208   1.351384e-02
 209   1.379312e-02
 210   7.628242e-03
 211   8.899500e-03
 212   8.142856e-03
 213   9.199395e-03
 214   6.251427e-05
 215   4.743804e-05
 216   1.236165e-02
 217   5.367649e-05
 218   6.999066e-05
 219   1.093962e-02
 220   1.229488e-02
 221   1.237233e-02
 222   1.077530e-02
 223   1.072699e-02
 224   9.325869e-03
 225   8.536779e-03
 226   1.495855e-02
 227   6.838739e-03
 228   7.819598e-03
 229   6.885120e-03
 230   1.715794e-02
 231   9.648535e-03
 232   8.293679e-03
 233   7.242715e-03
 234   1.733970e-02
 235   1.711383e-02
 236   6.492311e-05
 237   1.486448e-04
 238   9.155031e-03
 239   8.057519e-03
 240   9.597075e-03
 241   9.212624e-03
 242   8.157921e-03
 243   1.577218e-02
 244   1.611360e-02
 245   1.655535e-02
 246   1.665849e-02
 247   1.673090e-02
 248   1.808850e-02
 249   1.859256e-02
 250   1.859292e-02
 251   1.808310e-02
 252   1.672833e-02
 253   1.503799e-02
 254   1.385739e-02
 255   1.303590e-02
 256   1.168875e-02
 257   1.075901e-02
 258   1.066767e-02
 259   1.055233e-02
 260   1.033745e-02
 261   8.848107e-03
 262   6.062080e-03
 263   3.546541e-03
 264   1.864232e-03
 265   5.244859e-04
 266   6.337156e-05
 267   6.948119e-05
 268   8.815197e-05
 269   8.894514e-05
 270   8.813855e-05
 271   8.761474e-05
 272   8.693457e-05
 273   8.483997e-05
 274   8.158153e-05
 275   7.948672e-05
 276   7.902087e-05
 277   7.902457e-05
 278   7.907141e-05
 279   7.896493e-05
 280   7.492226e-05
 281   4.257483e-05
 282   9.272176e-06
 283  -2.877006e-06
 284  -2.561300e-06
 285   2.807971e-07
 286   3.098603e-06
 287   2.023590e-06
 288  -3.979072e-06
 289   2.150501e-05
 290   8.964574e-05
 291   3.999747e-05
 292  -1.261514e-05
 293   0.000000e+00
 294  -8.583331e-05
 295   5.019903e-04
 296   1.998803e-03
 297   3.889425e-03
 298   4.732448e-03
 299   5.043222e-03
 300   5.248761e-03
 301   5.228466e-03
 302   5.306069e-03
 303   6.134433e-03
 304   8.040115e-03
 305   1.019416e-02
 306   1.206411e-02
 307   1.368650e-02
 308   1.515243e-02
 309   0.000000e+00
 310   0.000000e+00
 311   0.000000e+00
 312   0.000000e+00
 313   0.000000e+00
 314   0.000000e+00
 315   0.000000e+00
 316   0.000000e+00
 317   8.064212e-05
 318   8.306673e-07
 319  -1.088837e-06
 320   6.551073e-05
 321   8.726670e-05
 322   8.102427e-05
 323   2.904050e-04
 324   8.636862e-05
 325   1.726227e-02
 326   1.788508e-02
 327   1.793468e-02
 328   1.755513e-02
 329   1.657316e-02
 330   1.535955e-02
 331   1.438216e-02
 332   1.338181e-02
 333   1.197070e-02
 334   9.965035e-03
 335   9.895027e-03
 336   9.782278e-03
 337   9.594088e-03
 338   8.204185e-03
 339   5.626169e-03
 340   3.323056e-03
 341   1.693820e-03
 342   4.397675e-04
 343   1.004744e-04
 344   8.527010e-05
 345   8.733664e-05
 346   8.534480e-05
 347   8.362284e-05
 348   8.449823e-05
 349   8.514812e-05
 350   8.144842e-05
 351   8.138227e-05
 352   8.280949e-05
 353   1.830489e-05
 354   4.552522e-08
 355  -2.159414e-06
 356  -5.865481e-07
 357   2.223763e-06
 358   3.315177e-07
 359   2.763805e-05
 360   5.597202e-05
 361   4.411854e-05
 362   1.445774e-05
 363   1.818042e-05
 364   1.157762e-04
 365   7.934008e-04
 366   2.403359e-03
 367   4.429322e-03
 368   5.431460e-03
 369   5.806660e-03
 370   6.026957e-03
 371   6.000234e-03
 372   6.078088e-03
 373   6.725952e-03
 374   8.249212e-03
 375   9.975629e-03
